gggr
1 1
41 41

ggrr
42 1
82 41

ggrg
83 1
123 41

grgr
1 42
41 82

rrrr
42 42
82 82

rgrg
83 42
123 82

grgg
1 83
41 123

rrgg
42 83
82 123

rggg
83 83
123 123

gggg
124 1
164 41

grrr
124 42
164 82

rrgr
124 83
164 123

rgrr
165 42
205 82

rrrg
165 83
205 123

rock
42 411
82 451

bush
42 452
82 492

r_ll_1
1 370
41 410

r_ll_2
1 329
41 369

r_ll_3
1 165
41 205

r_rr_1
1 411
41 451

r_rr_2
1 452
41 492

r_rr_3
165 124
205 164

r_top_1
83 124
123 164

r_top_2
124 124
164 164

r_rig_1
206 206
246 246

r_rig_2
206 247
246 287

r_up_le
247 206
287 246

r_up_ri
370 206
410 246

r_lef_1
1 206
41 246

r_lef_2
1 247
41 287

r_lef_3
1 288
41 328

r_mid_1
42 288
82 328

r_mid_2
83 288
123 328

r_mid_3
124 288
164 328

r_mid_4
288 370
328 410

r_mid_5
288 329
328 369

r_mid_6
83 206
123 246

r_ble_1
42 288
82 328

r_ble_2
42 329
82 369

r_ble_3
42 370
82 410

r_bo_l1
370 329
410 369

r_bo_l2
370 370
410 410

r_bo_r1
247 329
287 369

r_bo_r2
247 370
287 410

r_bo_1
83 329
123 369

r_bo_2
124 329
164 369

r_bo_3
83 370
123 410

r_bo_4
124 370
164 410

r_bo_1l
83 411
123 451

r_bo_3l
83 452
123 492

pav_bo
206 83
246 123

paved1
206 42
246 82

paved2
247 42
287 82

paved3
288 42
328 82

paved4
329 42
369 82

house1
411 165
451 205

house2
452 165
492 205

house3
493 165
533 205

house4
534 165
574 205

house5
575 165
615 205

house6
616 165
656 205

house7
657 165
697 205

house8
698 165
738 205

house11
411 206
451 246

house12
452 206
492 246

house13
493 206
533 246

house14
534 206
574 246

house15
575 206
615 246

house16
616 206
656 246

house17
657 206
697 246

house18
698 206
738 246

house21
411 247
451 287

house22
452 247
492 287

house23
493 247
533 287

house24
534 247
574 287

house25
575 247
615 287

house26
616 247
656 287

house27
657 247
697 287

house28
698 247
738 287

house31
411 288
451 328

house32
452 288
492 328

house33
493 288
533 328

house34
534 288
574 328

house35
575 288
615 328

house36
616 288
656 328

house37
657 288
697 328

house38
698 288
738 328

house41
411 329
451 369

house42
452 329
492 369

house43
493 329
533 369

house44
534 329
574 369

house45
575 329
615 369

house46
616 329
656 369

house47
657 329
697 369

house48
698 329
738 369

house51
411 370
451 410

house52
452 370
492 410

house53
493 370
533 410

house54
534 370
574 410

house55
575 370
615 410

house56
616 370
656 410

house57
657 370
697 410

house58
698 370
738 410

house61
411 411
451 451

house62
452 411
492 451

house63
493 411
533 451

house64
534 411
574 451

house65
575 411
615 451

house66
616 411
656 451

house67
657 411
697 451

house68
698 411
738 451

fenc1
411 42
451 82

fenc2
452 42
492 82

fenc3
493 42
533 82

fenc4
534 42
574 82

fenc5
411 83
451 123

fenc6
452 83
492 123

fenc7
493 83
533 123

fenc8
534 83
574 123

fenc9
411 124
451 164

fenc10
452 124
492 164

fenc11
493 124
533 164

fenc12
534 124
574 164

fenc13
575 42
615 82

fenc14
575 83
615 123

fenc15
575 124
615 164

lfen1
739 165
779 205

lfen2
739 206
779 246

lfen3
739 247
779 287

lfen4
739 288
779 328

lfen5
739 329
779 369

lfen6
739 370
779 410

lfen7
739 411
779 451

rfen1
780 165
820 205

rfen2
780 206
820 246

rfen3
780 247
820 287

rfen4
780 288
820 328

rfen5
780 329
820 369

rfen6
780 370
820 410

rfen7
780 411
820 451

tree11
124 411
164 451

tree12
165 411
205 451

tree13
124 452
164 492

tree14
165 452
205 492

tree15
124 493
164 533

tree16
165 493
205 533

tree21
206 411
246 451

tree22
247 411
287 451

tree23
288 411
328 451

tree24
206 452
246 492

tree25
247 452
287 492

tree26
288 452
328 492

tree27
206 493
246 533

tree28
247 493
287 533

tree29
288 493
328 533

table1
616 42
656 82

table2
657 42
697 82

table3
698 42
738 82

table4
616 83
656 123

table5
657 83
697 123

table6
698 83
738 123

table7
616 124
656 164

table8
657 124
697 164

table9
698 124
738 164

lchar1
739 83
779 123

lchar2
739 124
779 164

rchar1
780 83
820 123

rchar2
780 124
820 164