A
2 12
65 122

B
101 12
152 122

C
189 12
248 122

D
288 12
344 122

E
384 12
435 122

F
475 12
521 122

G
558 12
622 122

H
663 12
716 122

I
760 12
769 122

J
808 12
845 122

K
883 12
940 122

L
974 12
1016 122

M
9 122
74 232

N
116 122
169 232

O
208 122
274 232

P
314 122
365 232

Q
402 122
467 232

R
507 122
564 232

S
600 122
654 232

T
688 122
743 232

U
778 122
831 232

V
867 122
930 232

W
12 232
105 342

X
133 232
196 342

Y
225 232
286 342

Z
316 232
371 342

a
14 334
59 444

b
96 334
139 444

c
174 334
217 444

d
248 334
291 444

e
328 334
374 444

f
407 334
436 444

g
463 334
506 444

h
547 334
586 444

i
627 334
636 444

j
664 334
683 444

k
723 334
764 444

l
799 334
808 444

m
846 334
915 444

n
940 334
979 444

o
13 438
58 548

p
95 438
138 548

q
172 438
215 548

r
256 438
282 548

s
311 438
352 548

t
384 438
409 548

u
444 438
483 548

v
518 438
563 548

w
591 438
658 548

x
686 438
731 548

y
760 438
805 548

z
835 438
878 548

0
16 561
61 671

1
102 561
127 671

2
175 561
220 671

3
256 561
301 671

4
333 561
381 671

5
416 561
461 671

6
495 561
541 671

7
577 561
621 671

8
656 561
700 671

9
736 561
781 671

!
104 687
113 797

.
765 816
774 926

/
810 816
837 926

?
868 816
913 926
